; Stage preview.sit
#VERSION=1.01;
#STAGE=[u2]Preview,0>1>2>3>4;
{
331=8,(318,40),0,0,2,0;
331=8,(286,56),0,0,2,0;
331=8,(286,56),0,8,2,0;
331=8,(286,56),0,16,2,0;
331=8,(286,56),0,24,2,0;
331=0,(286,56),0,0,2,0;
331=0,(286,56),0,8,2,0;
331=0,(286,56),0,16,2,0;
331=0,(286,56),0,24,2,0;
331=8,(254,72),0,0,2,0;
331=8,(254,72),0,8,2,0;
331=8,(254,72),0,16,2,0;
331=8,(254,72),0,24,2,0;
331=8,(318,72),0,0,2,0;
331=8,(318,72),0,8,2,0;
331=8,(318,72),2,16,2,0;
331=8,(318,72),2,24,2,0;
19=0,(33,13),16,0,516,400;
240=0,(299,65),0,64,4,0;
331=8,(222,88),0,0,2,0;
331=8,(222,88),0,8,2,0;
331=8,(222,88),0,16,2,0;
331=8,(222,88),0,24,2,0;
331=8,(350,88),0,8,2,0;
331=8,(350,88),0,16,2,0;
331=8,(350,88),0,24,2,0;
331=8,(350,88),0,0,2,0;
331=8,(190,104),0,0,2,0;
331=8,(190,104),0,8,2,0;
331=8,(190,104),0,16,2,0;
331=8,(190,104),0,24,2,0;
331=8,(382,104),0,0,2,0;
331=8,(382,104),0,8,2,0;
331=8,(382,104),0,16,2,0;
331=8,(382,104),0,24,2,0;
21=0,(222,20);
331=8,(158,120),0,0,2,0;
331=8,(158,120),0,8,2,0;
331=8,(158,120),0,16,2,0;
331=8,(158,120),0,24,2,0;
331=8,(414,120),0,0,2,0;
331=8,(414,120),0,8,2,0;
331=8,(414,120),0,16,2,0;
331=8,(414,120),0,24,2,0;
185=0,(358,51);
180=0,(401,143),0,16,4,0;
331=8,(126,136),0,0,2,0;
331=8,(126,136),0,8,2,0;
331=8,(126,136),0,16,2,0;
331=8,(126,136),0,24,2,0;
331=8,(446,136),0,0,2,0;
331=8,(446,136),0,8,2,0;
331=8,(446,136),0,16,2,0;
331=8,(446,136),0,24,2,0;
331=16,(382,136),0,0,2,0;
331=16,(382,136),0,8,2,0;
331=16,(190,136),0,0,2,0;
331=16,(190,136),0,8,2,0;
331=9,(254,136),0,0,2,0;
331=9,(318,136),0,0,2,0;
180=0,(207,144),0,16,4,0;
242=0,(425,75);
331=8,(94,152),0,0,2,0;
331=8,(94,152),0,8,2,0;
331=8,(94,152),0,16,2,0;
331=8,(94,152),0,24,2,0;
331=8,(478,152),0,0,2,0;
331=8,(478,152),0,8,2,0;
331=8,(478,152),0,16,2,0;
331=8,(478,152),0,24,2,0;
331=9,(222,152),0,0,2,0;
331=9,(350,152),0,0,2,0;
235=0,(54,149);
314=0,(226,115),0,88,520,500;
180=0,(543,171);
180=0,(543,173);
331=8,(-2,168),0,0,2,0;
331=8,(62,168),0,0,2,0;
331=8,(62,168),0,8,2,0;
331=8,(62,168),0,16,2,0;
331=8,(62,168),0,24,2,0;
331=8,(510,168),0,0,2,0;
331=8,(510,168),0,8,2,0;
331=8,(510,168),0,16,2,0;
331=8,(510,168),0,24,2,0;
59=0,(14,117),0,8,4,0;
235=0,(22,165),0,56,4,0;
322=2,(460,140),0,0,264,250;
89=0,(128,142);
331=1,(286,184),0,0,2,0;
331=1,(286,184),0,8,2,0;
331=1,(286,184),0,16,2,0;
331=1,(286,184),2,24,2,0;
331=1,(286,184),2,32,2,0;
331=1,(286,184),2,40,2,0;
331=1,(286,184),2,48,2,0;
331=1,(286,184),2,56,2,0;
331=1,(286,184),2,64,2,0;
331=1,(286,184),2,72,2,0;
331=1,(286,184),2,80,2,0;
331=1,(286,184),2,88,2,0;
331=1,(286,184),0,96,2,0;
331=1,(286,184),0,104,2,0;
331=8,(30,184),0,0,2,0;
331=8,(30,184),0,8,2,0;
331=8,(30,184),0,16,2,0;
331=8,(30,184),0,24,2,0;
331=8,(542,184),0,0,2,0;
331=8,(542,184),0,8,2,0;
331=8,(542,184),0,16,2,0;
331=4,(222,184),0,0,2,0;
331=4,(350,184),0,0,2,0;
240=0,(44,164),0,32,4,0;
320=1,(566,162),0,24,264,150;
319=1,(310,167),0,120,264,150;
180=0,(314,206);
180=0,(529,207),0,16,4,0;
180=0,(338,207),0,8,4,0;
331=0,(510,200),0,0,2,0;
331=0,(510,200),0,8,2,0;
331=8,(574,200),0,0,2,0;
236=0,(598,198),0,8,4,0;
331=0,(62,200),0,0,2,0;
331=0,(62,200),0,8,2,0;
331=0,(62,200),0,16,2,0;
331=0,(-2,200),0,0,2,0;
244=0,(14,150),0,8,4,0;
331=0,(478,216),0,0,2,0;
331=0,(478,216),0,8,2,0;
331=0,(478,216),0,16,2,0;
331=8,(30,216),0,0,2,0;
331=8,(30,216),0,8,2,0;
331=8,(30,216),0,16,2,0;
331=9,(222,216),0,0,2,0;
331=9,(350,216),0,0,2,0;
331=4,(286,216),0,0,2,0;
238=0,(244,207),0,8,4,0;
318=0,(201,224),0,24,264,150;
331=0,(446,232),0,0,2,0;
331=0,(446,232),0,8,2,0;
331=16,(190,232),0,8,2,0;
331=0,(62,232),0,0,2,0;
331=0,(62,232),0,8,2,0;
331=16,(190,232),0,0,2,0;
331=8,(382,232),0,0,2,0;
331=8,(382,232),0,8,2,0;
317=1,(213,148),0,64,264,150;
328=2,(84,208),0,16,264,150;
327=1,(414,240),512,8,264,150;
331=8,(30,248),0,0,2,0;
331=8,(30,248),0,8,2,0;
331=8,(30,248),0,16,2,0;
273=0,(159,165);
180=0,(242,269);
331=0,(382,264),0,0,2,0;
331=0,(382,264),0,8,2,0;
331=1,(446,264),0,0,258,300;
331=0,(62,264),0,0,2,0;
331=0,(62,264),0,8,2,0;
84=0,(150,248);
331=0,(350,280),0,0,2,0;
331=0,(350,280),0,8,2,0;
331=15,(478,280),0,0,258,300;
331=8,(30,280),0,0,2,0;
331=8,(30,280),0,8,2,0;
331=8,(30,280),0,16,2,0;
331=0,(94,280),0,0,2,0;
331=0,(318,296),0,0,2,0;
331=0,(318,296),0,8,2,0;
331=0,(318,296),0,16,2,0;
331=9,(510,296),0,0,514,200;
331=6,(510,296),0,8,514,300;
331=0,(62,296),0,0,2,0;
331=11,(542,312),0,0,258,200;
215=0,(567,271),256,8,4,0;
331=0,(30,312),0,0,2,0;
331=0,(30,312),0,8,2,0;
331=0,(30,312),0,16,2,0;
331=8,(286,312),0,0,2,0;
331=8,(286,312),0,8,2,0;
331=8,(286,312),0,16,2,0;
331=8,(286,312),0,24,2,0;
239=0,(48,303),0,24,4,0;
331=0,(254,328),0,0,2,0;
331=0,(254,328),0,8,2,0;
331=0,(254,328),0,16,2,0;
331=8,(190,328),2,0,2,0;
331=8,(190,328),2,8,2,0;
331=8,(190,328),2,16,2,0;
331=8,(126,328),0,0,2,0;
331=8,(126,328),0,8,2,0;
331=8,(126,328),0,16,2,0;
331=8,(62,328),0,0,2,0;
331=8,(62,328),0,8,2,0;
331=8,(62,328),0,16,2,0;
331=5,(574,328),0,0,258,200;
239=0,(78,317),0,24,4,0;
331=0,(222,344),2,0,2,0;
331=15,(606,344),0,0,258,300;
244=0,(238,294),0,8,4,0;
}	// 200 sprites.

#TILESIZE=(64,32);
#SCREENSIZE=(640,368);
#ROW=(0);
{
-1=0,0;
-1=0,0;
2=3,0,0,0,1,0,0;
-1=0,0;
-1=0,0;
-1=0,0;
-1=0,0;
-1=0,0;
-1=0,0;
-1=0,0;
-1=0,0;
}
#ROW=(1);
{
2=0,0,0,0,1,0,0;
2=0,0,0,0,1,0,0;
2=0,0,0,0,1,0,0;
2=0,0,0,0,1,0,0;
-1=0,0;
-1=0,0;
-1=0,0;
2=6,0,0,0,1,0,0;
2=6,0,0,0,1,0,0;
2=0,0,0,0,1,0,0;
-1=0,0;
}
#ROW=(2);
{
-1=0,0;
2=18,0,0,0,1,0,0;
2=0,0,0,0,1,0,0;
2=16,0,0,0,1,0,0;
2=0,0,0,0,1,0,0;
-1=0,0;
2=9,0,0,0,1,0,0;
2=6,0,0,0,1,0,0;
2=8,0,0,0,1,0,0;
2=0,0,0,0,1,0,0;
-1=0,0;
}
#ROW=(3);
{
2=9,0,0,0,1,0,0;
2=0,0,0,0,1,0,0;
2=9,0,0,0,1,0,0;
2=9,0,0,0,1,0,0;
-1=0,0;
-1=0,0;
2=0,0,0,0,1,0,0;
2=2,0,0,0,1,0,0;
2=17,0,0,0,1,0,0;
2=9,0,0,0,1,0,0;
-1=0,0;
}
#ROW=(4);
{
2=0,0,0,0,1,0,0;
2=0,0,0,0,1,0,0;
2=0,0,0,0,1,0,0;
2=6,0,0,0,1,0,0;
-1=0,0;
13=3,32,1,32,1,0,0;
-1=0,0;
2=6,0,0,0,1,0,0;
2=11,0,0,0,1,0,0;
2=12,0,0,0,1,0,0;
-1=0,0;
}
#ROW=(5);
{
2=0,0,0,0,1,0,0;
2=6,0,0,0,1,0,0;
2=6,0,0,0,1,0,0;
-1=0,0;
13=3,32,0,32,1,0,3;
13=3,32,0,32,1,0,3;
-1=0,0;
2=5,0,0,0,1,0,0;
2=20,0,0,0,1,0,0;
2=6,0,0,0,1,0,0;
-1=0,0;
}
#ROW=(6);
{
-1=0,0;
2=15,0,0,0,1,0,0;
2=13,0,0,0,1,0,0;
-1=0,0;
13=3,32,0,32,1,0,7;
13=4;
13=3,32,0,32,1,0,11;
-1=0,0;
2=14,0,0,0,1,0,0;
2=6,0,0,0,1,0,0;
2=0,0,0,0,1,0,0;
}
#ROW=(7);
{
-1=0,0;
2=0,0,0,0,1,0,0;
-1=0,0;
13=3,32,0,32,1,0,7;
13=4;
13=4;
13=3,32,0,32,1,0,11;
-1=0,0;
2=6,0,0,0,1,0,0;
2=0,0,0,0,1,0,0;
-1=0,0;
}
#ROW=(8);
{
-1=0,0;
2=9,0,0,0,1,0,0;
-1=0,0;
13=3,32,0,32,1,0,7;
13=4;
13=1;
13=4;
13=3,32,0,32,1,0,11;
-1=0,0;
2=0,0,0,0,1,0,0;
-1=0,0;
}
#ROW=(9);
{
2=9,0,0,0,1,0,0;
-1=0,0;
13=3,32,0,32,1,0,7;
13=4,16,0,16,1,0,15;
13=1;
13=1;
13=4,16,0,16,1,0,15;
13=3,32,0,32,1,0,11;
-1=0,0;
2=0,0,0,0,1,0,0;
-1=0,0;
}
#ROW=(10);
{
-1=0,0;
-1=0,0;
13=3,32,0,32,1,0,7;
13=4;
13=1,8,0,8,1,0,15;
13=9,6,0,6,1,0,15;
13=1,8,0,8,1,0,15;
13=4;
13=3,32,0,32,1,0,11;
-1=0,0;
2=15,0,0,0,1,0,0;
}
#ROW=(11);
{
13=2,8,0,8,1,0,0;
13=3,32,0,32,1,0,6;
13=4,0,0,16,1,0,15;
13=1;
13=9,8,0,8,1,0,15;
13=9,8,0,8,1,0,15;
13=1;
13=4,0,0,12,1,0,15;
13=3,32,0,32,1,0,11;
-1=0,0;
-1=0,0;
}
#ROW=(12);
{
2=6,0,0,0,1,0,0;
13=3,32,0,32,1,0,0;
13=4;
13=1;
13=9,8,0,8,1,0,13;
13=8,112,16,112,513,400,14;
13=9,8,0,8,1,0,15;
13=1;
13=4;
13=3,24,0,24,1,0,9;
-1=0,0;
}
#ROW=(13);
{
13=3,8,0,8,1,0,0;
13=2,24,0,24,1,0,7;
13=4;
13=1,0,0,0,1,0,13;
2=2,0,0,0,1,0,0;
13=9,8,0,8,1,0,15;
13=1;
13=4;
13=3,16,0,16,1,0,13;
13=2,8,0,8,1,0,0;
-1=0,0;
}
#ROW=(14);
{
2=9,0,0,0,1,0,0;
13=3,24,0,24,1,0,6;
13=4,0,0,0,1,0,13;
13=4,0,0,0,1,0,14;
13=1,8,0,8,1,0,0;
13=9,8,0,8,1,0,7;
13=1,8,0,8,1,0,15;
13=4;
13=3,24,0,24,1,0,13;
2=6,0,0,0,1,0,0;
-1=0,0;
}
#ROW=(15);
{
-1=0,0;
13=2,16,0,16,1,0,15;
13=4,0,0,0,1,0,0;
13=4,16,0,16,1,0,11;
13=1,0,0,0,1,0,7;
13=1;
13=4,16,0,16,1,0,15;
13=3,16,0,16,1,0,13;
2=1,0,0,0,1,0,0;
2=3,0,0,0,1,0,0;
-1=0,0;
}
#ROW=(16);
{
2=6,0,0,0,1,0,0;
13=3,24,0,24,1,0,6;
13=4,0,0,0,1,0,11;
13=4,0,0,0,1,0,5,x:0000csin;
13=4,0,0,0,1,0,14;
13=1;
13=4;
13=3,8,0,8,1,0,15;
2=6,0,0,0,1,0,0;
2=0,0,0,0,1,0,0;
2=0,0,0,0,1,0,0;
}
#ROW=(17);
{
-1=0,0;
13=2,16,0,16,1,0,15;
13=4,0,0,24,1,0,15;
13=4,0,0,0,1,0,0;
13=4;
13=4;
13=3,16,0,16,1,0,13;
11=11,8,0,8,1,0,10;
-1=0,0;
2=0,0,0,0,1,0,0;
-1=0,0;
}
#ROW=(18);
{
2=0,0,0,0,1,0,0;
13=3,24,0,24,1,0,6;
13=4,8,0,8,1,0,15;
13=4,0,0,0,1,0,11;
13=4,0,0,0,1,0,7;
13=4;
13=3,16,0,16,1,0,13;
2=12,0,0,0,1,0,0;
11=11,8,0,8,1,0,10;
-1=0,0;
-1=0,0;
}
#ROW=(19);
{
2=6,0,0,0,1,0,0;
13=2,8,0,8,1,0,14;
13=4;
13=4;
13=4;
13=3,24,0,24,1,0,13;
2=9,0,0,0,1,0,0;
2=6,0,0,0,1,0,0;
11=1,16,16,16,513,250,10;
-1=0,0;
-1=0,0;
}
#ROW=(20);
{
2=13,0,0,0,1,0,9;
13=3,24,0,24,1,0,0;
13=4,0,0,0,1,0,14;
13=2;
13=2;
13=3,32,0,32,1,0,13;
2=0,0,0,0,1,0,0;
2=0,0,0,0,1,0,0;
2=0,0,0,0,1,0,0;
11=11,8,0,8,1,0,10;
-1=0,0;
}
#ROW=(21);
{
2=6,0,0,0,1,0,0;
13=3,24,0,24,1,0,0;
13=3,24,0,24,1,0,12;
13=3,24,0,24,1,0,12;
13=3,24,0,24,1,0,12;
-1=0,0;
2=7,0,0,0,1,0,0;
2=3,0,0,0,1,0,0;
-1=0,0;
11=11,8,0,8,1,0,8,e:preview;
-1=0,0;
}
#ROW=(22);
{
2=0,0,0,0,1,0,0;
2=0,0,0,0,1,0,0;
2=9,0,0,0,1,0,0;
2=6,0,0,0,1,0,0;
13=2,8,0,8,1,0,0;
-1=0,0;
-1=0,0;
-1=0,0;
-1=0,0;
-1=0,0;
11=11,8,0,8,1,0,0;
}
#ROW=(23);
{
-1=0,0;
-1=0,0;
-1=0,0;
-1=0,0;
-1=0,0;
-1=0,0;
-1=0,0;
-1=0,0;
-1=0,0;
-1=0,0;
-1=0,0;
}
; 264 tiles.
